0
0satisfied variables
1--1
2$$$$$$$5
5$#$#$#$#
1 0 0 0 0 0 0 0 
3$#$#$#$#
1 0 0 0 0 0 0 0 
1$#$#$#$#
1 0 0 0 0 0 0 0 
9$#$#$#$#
1 0 0 0 0 0 0 0 
2$#$#$#$#
1 0 0 0 0 0 0 0 
1
1satisfied variables
3--2
4$$$$$$$4
1$#$#$#$#
1 0 1 0 0 0 0 0 
1$$4 5
3$#$#$#$#
1 0 1 0 0 0 0 0 
5$#$#$#$#
1 0 1 0 0 0 0 0 
5$$4 8
6$#$#$#$#
1 0 1 0 0 0 0 0 
5--2
6$$$$$$$3
6$#$#$#$#
1 0 1 0 1 0 0 0 
6$$6 7
4$#$#$#$#
1 0 1 0 1 0 0 0 
2$#$#$#$#
1 0 1 0 1 0 0 0 
2$$6 7
8--2
7$$$$$$$4
10$#$#$#$#
1 0 1 0 1 0 0 1 
8$#$#$#$#
1 0 1 0 1 0 0 1 
2$#$#$#$#
1 0 1 0 1 0 0 1 
2$$$7 6
6$#$#$#$#
1 0 1 0 1 0 0 1 
6$$$7 6
7--2
fail state 7 2
1 0 1 0 1 0 0 1 
3 5 8 
7 2 6 ##
2 4 8 ##
2 6 4 ##
??????????????????????1 2
5 2 4 ##
2 4 ##
??????????????????????1 1
2 4 ##
2 1=====1
call0 1?1 11 1
1 decision literal
1--1
2$$$$$$$1
11$#$#$#$#
1 0 0 0 0 0 0 0 
11$$$2 4
4--1
3$$$$$$$4
7$#$#$#$#
1 0 0 1 0 0 0 0 
10$#$#$#$#
1 0 0 1 0 0 0 0 
3$#$#$#$#
1 0 0 1 0 0 0 0 
4$#$#$#$#
1 0 0 1 0 0 0 0 
2
1::::4::::????
done deduce 1
1 0 0 1 0 0 0 0 
2satisfied variables
5--2
6$$$$$$$4
10$#$#$#$#
1 0 0 1 1 0 0 0 
10$$6 7
6$#$#$#$#
1 0 0 1 1 0 0 0 
4$#$#$#$#
1 0 0 1 1 0 0 0 
4$$6 8
2$#$#$#$#
1 0 0 1 1 0 0 0 
2$$6 7
7--2
8$$$$$$$3
4$#$#$#$#
1 0 0 1 1 0 1 0 
4$$$8 6
5$#$#$#$#
1 0 0 1 1 0 1 0 
9$#$#$#$#
1 0 0 1 1 0 1 0 
8--2
fail state 8 2
1 0 0 1 1 0 1 0 
5 7 
3 6 8 ##
7 2 6 ##
3 6 2 ##
??????????????????????1 1
3 6 2 ##
2 1=====1
call0 1?1 12 1
1 decision literal
1--1
2$$$$$$$2
12$#$#$#$#
1 0 0 0 0 0 0 0 
11$#$#$#$#
1 0 0 0 0 0 0 0 
11$$$2 4
4--1
3$$$$$$$3
12$#$#$#$#
1 0 0 1 0 0 0 0 
12$$3 6
7$#$#$#$#
1 0 0 1 0 0 0 0 
3$#$#$#$#
1 0 0 1 0 0 0 0 
6--1
5$$$$$$$4
9$#$#$#$#
1 0 0 1 0 1 0 0 
9$$$5 8
8$#$#$#$#
1 0 0 1 0 1 0 0 
8$$5 7
1$#$#$#$#
1 0 0 1 0 1 0 0 
7$#$#$#$#
1 0 0 1 0 1 0 0 
8--1
7$$$$$$$4
10$#$#$#$#
1 0 0 1 0 1 0 1 
8$#$#$#$#
1 0 0 1 0 1 0 1 
8$$$7 5
2$#$#$#$#
1 0 0 1 0 1 0 1 
6$#$#$#$#
1 0 0 1 0 1 0 1 
7--1
fail state 7 1
1 0 0 1 0 1 0 1 
1 4 6 8 
7 5 2 ##
5 2 8 ##
5 2 ##
??????????????????????0 2
3 6 2 ##
2 3 ##
??????????????????????0 2
2 4 ##
2 ##
??????????????????????0 1
2 ##
1 0=====0
1::::4::::6::::8::::????
done deduce 0
1 0 0 1 0 1 0 1 
call0 0?0 13 1
Learned unit clause
unit here 2
0 decision literal
2--0
1$$$$$$$0
2
2::::????
done deduce 1
0 1 0 0 0 0 0 0 
2satisfied variables
3--1
4$$$$$$$4
11$#$#$#$#
0 1 1 0 0 0 0 0 
1$#$#$#$#
0 1 1 0 0 0 0 0 
3$#$#$#$#
0 1 1 0 0 0 0 0 
5$#$#$#$#
0 1 1 0 0 0 0 0 
3
3satisfied variables
5--2
6$$$$$$$5
12$#$#$#$#
0 1 1 0 1 0 0 0 
10$#$#$#$#
0 1 1 0 1 0 0 0 
6$#$#$#$#
0 1 1 0 1 0 0 0 
6$$6 7
4$#$#$#$#
0 1 1 0 1 0 0 0 
2$#$#$#$#
0 1 1 0 1 0 0 0 
7--2
8$$$$$$$3
4$#$#$#$#
0 1 1 0 1 0 1 0 
5$#$#$#$#
0 1 1 0 1 0 1 0 
9$#$#$#$#
0 1 1 0 1 0 1 0 
5
call1 0?1 14 0
call1 0?0 14 0
1
