0
0
1
0
0
0
0
1
0
0
1
1
0
0
1
1
0
1
0
1
0
1
0
1
1
0
0
0
1
1
0
1
0
1
0
0
0
0
0
0
0
0
0
0
0
0
0
1
0
0
1
SAT
-1 2 -3 -4 5 0
1
SAT
-1 -2 -3 4 5 6 7 0
1
SAT
-1 -2 3 4 5 -6 7 0
1
SAT
-1 2 -3 -4 -5 -6 -7 0
1
SAT
-1 2 3 0
1
SAT
1 -2 3 -4 -5 -6 0
1
SAT
-1 -2 3 -4 -5 -6 0
1
SAT
-1 -2 -3 4 5 0
1
SAT
1 2 3 -4 0
1
SAT
1 2 -3 0
0
UNSAT
1
SAT
-1 -2 -3 0
1
SAT
-1 -2 3 0
1
SAT
1 2 -3 0
1
SAT
-1 -2 -3 -4 0
0
UNSAT
0
UNSAT
1
SAT
1 2 3 4 0
1
SAT
-1 -2 -3 -4 0
0
UNSAT
1
SAT
-1 -2 -3 -4 0
1
SAT
-1 -2 3 0
1
SAT
-1 -2 0
1
SAT
-1 -2 -3 -4 -5 0
1
SAT
-1 -2 3 -4 -5 0
1
SAT
-1 -2 -3 -4 5 0
1
SAT
-1 -2 -3 -4 5 0
1
SAT
-1 -2 -3 0
1
SAT
-1 -2 3 -4 -5 -6 0
1
SAT
-1 2 -3 -4 5 0
1
SAT
-1 -2 -3 4 5 6 7 0
1
SAT
-1 -2 3 4 5 -6 7 0
1
SAT
-1 2 -3 -4 -5 -6 -7 0
1
SAT
-1 2 3 0
1
SAT
1 -2 3 -4 -5 -6 0
1
SAT
-1 -2 3 -4 -5 -6 0
1
SAT
-1 -2 -3 4 5 0
1
SAT
1 2 3 -4 0
1
SAT
1 2 -3 0
0
UNSAT
1
SAT
-1 -2 -3 0
1
SAT
-1 -2 3 0
1
SAT
1 2 -3 0
1
SAT
-1 -2 -3 -4 0
0
UNSAT
0
UNSAT
1
SAT
1 2 3 4 0
1
SAT
-1 -2 -3 -4 0
0
UNSAT
1
SAT
-1 -2 -3 -4 0
1
SAT
-1 -2 3 0
1
SAT
-1 -2 0
1
SAT
-1 -2 -3 -4 -5 0
1
SAT
-1 -2 3 -4 -5 0
1
SAT
-1 -2 -3 -4 5 0
1
SAT
-1 -2 -3 -4 5 0
1
SAT
-1 -2 -3 0
1
SAT
-1 -2 3 -4 -5 -6 0

0 4 1 6
2 3

0 7 1 10
3 3

0 6 1 10
4 3

0 3 1 5
5 3

0 8 1 3
6 3

0 10 1 3
7 3

0 1 1 5
8 3

0 7 1 3
9 3

0 2 1 6
10 3

0 10 1 3
11 3

0 10 1 8
12 3

0 10 1 1
13 3

0 7 1 5
14 3

0 7 1 6
15 3

0 4 1 2
16 3
1

0 13 1 7
2 3

0 12 1 2
3 3

0 2 1 4
4 3

0 12 1 9
5 3

0 11 1 7
6 3

0 2 1 10
7 3

0 14 1 7
8 3

0 14 1 2
9 3

0 2 1 7
10 3

0 11 1 10
11 3

0 4 1 12
12 3

0 13 1 6
13 3

0 4 1 7
14 3

0 5 1 13
15 3

0 2 1 5
16 3
1

0 5 1 9
2 3

0 2 1 3
3 3

0 2 1 6
4 3

0 7 1 12
5 3

0 5 1 8
6 3

0 13 1 8
7 3

0 11 1 8
8 3

0 1 1 5
9 3

0 4 1 13
10 3

0 9 1 14
11 3

0 5 1 8
12 3

0 5 1 10
13 3

0 7 1 5
14 3

0 5 1 4
15 3

0 4 1 1
16 3

0 2 1 14
17 3

0 11 1 3
18 3

0 4 1 6
19 3

0 10 1 2
20 3

0 14 1 9
21 3

0 11 1 5
22 3

0 8 1 4
23 3
1

0 14 1 9
2 3

0 9 1 13
3 3

0 9 1 7
4 3

0 2 1 11
5 3

0 5 1 11
6 3

0 4 1 10
7 3

0 11 1 14
8 3

0 3 1 2
9 3

0 5 1 10
10 3

0 4 1 8
11 3

0 7 1 14
12 3

0 3 1 13
13 3

0 13 1 1
14 3

0 11 1 13
15 3

0 11 1 4
16 3

0 4 1 11
17 3

0 13 1 1
18 3

0 14 1 6
19 3

0 2 1 4
20 3

0 7 1 14
21 3

0 12 1 13
22 3

0 6 1 3
23 3

0 8 1 1
24 3

0 4 1 8
25 3

0 11 1 9
26 3

0 3 1 5
27 3

0 5 1 13
28 3

0 7 1 10
29 3

0 9 1 14
30 3

0 5 1 1
31 3
1

0 1 1 4
2 3

0 5 1 1
3 3

0 1 1 6
4 3

0 1 1 3
5 3

0 3 1 6
6 3

0 3 1 6
7 3

0 1 1 4
8 3

0 2 1 6
9 3

0 4 1 5
10 3

0 6 1 2
11 3

0 3 1 6
12 3

0 2 1 4
13 3

0 3 1 1
14 3

0 4 1 6
15 3

0 4 1 1
16 3
1

0 6 1 10
2 3

0 1 1 9
3 3

0 8 1 3
4 3

0 12 1 9
5 3

0 12 1 3
6 3

0 11 1 10
7 3

0 1 1 7
8 3

0 7 1 1
9 3

0 5 1 8
10 3

0 2 1 10
11 3

0 2 1 9
12 3

0 9 1 7
13 3

0 11 1 7
14 3

0 5 1 10
15 3

0 4 1 6
16 3

0 4 1 5
17 3

0 7 1 5
18 3

0 5 1 4
19 3

0 6 1 3
20 3

0 3 1 7
21 3

0 11 1 1
22 3

0 12 1 3
23 3

0 10 1 4
24 3

0 9 1 3
25 3

0 7 1 2
26 3

0 2 1 6
27 3

0 6 1 4
28 3

0 11 1 3
29 3

0 12 1 2
30 3

0 10 1 11
31 3
1

0 9 1 8
2 3

0 5 1 3
3 3

0 6 1 11
4 3

0 1 1 6
5 3

0 8 1 1
6 3

0 1 1 8
7 3

0 7 1 9
8 3

0 8 1 12
9 3

0 8 1 6
10 3

0 8 1 12
11 3

0 1 1 4
12 3

0 9 1 1
13 3

0 8 1 11
14 3

0 6 1 7
15 3

0 10 1 11
16 3

0 6 1 12
17 3

0 11 1 9
18 3

0 5 1 9
19 3

0 1 1 12
20 3

0 5 1 11
21 3

0 12 1 3
22 3

0 11 1 9
23 3

0 4 1 11
24 3

0 7 1 4
25 3

0 5 1 4
26 3

0 12 1 8
27 3

0 5 1 12
28 3

0 4 1 9
29 3

0 11 1 10
30 3

0 1 1 7
31 3

0 5 1 3
32 3

0 11 1 5
33 3

0 2 1 7
34 3

0 4 1 2
35 3

0 5 1 12
36 3
1

0 1 1 6
2 3

0 1 1 6
3 3

0 4 1 10
4 3

0 4 1 5
5 3

0 3 1 8
6 3

0 8 1 6
7 3

0 6 1 8
8 3

0 9 1 3
9 3

0 6 1 10
10 3

0 1 1 8
11 3

0 9 1 3
12 3

0 1 1 8
13 3

0 3 1 6
14 3

0 1 1 4
15 3

0 8 1 3
16 3

0 9 1 1
17 3

0 3 1 6
18 3

0 4 1 10
19 3

0 5 1 9
20 3

0 1 1 10
21 3

0 4 1 1
22 3

0 8 1 3
23 3

0 9 1 6
24 3

0 10 1 1
25 3

0 1 1 4
26 3

0 2 1 7
27 3

0 6 1 7
28 3

0 8 1 10
29 3

0 5 1 2
30 3

0 10 1 1
31 3
1

0 1 1 7
2 3

0 5 1 4
3 3

0 1 1 6
4 3

0 1 1 5
5 3

0 6 1 2
6 3

0 8 1 1
7 3

0 6 1 3
8 3

0 7 1 4
9 3

0 1 1 4
10 3

0 1 1 4
11 3

0 3 1 2
12 3

0 2 1 4
13 3

0 5 1 4
14 3
1

0 4 1 6
2 3

0 3 1 2
3 3

0 5 1 2
4 3

0 6 1 2
5 3

0 5 1 1
6 3

0 6 1 4
7 3

0 4 1 2
8 3

0 3 1 2
9 3

0 3 1 2
10 3

0 6 1 4
11 3
1

0 2 1 5
2 3

0 6 1 3
3 3

0 1 1 4
4 3

0 2 1 3
5 3

0 3 1 1
6 3

0 4 1 5
7 3

0 5 1 3
8 3

0 6 1 2
9 3
0

0 4 1 5
2 3

0 1 1 5
3 3

0 3 1 1
4 3

0 3 1 1
5 3

0 5 1 1
6 3

0 6 1 2
7 3

0 3 1 1
8 3

0 6 1 3
9 3

0 1 1 5
10 3

0 6 1 4
11 3

0 5 1 3
12 3

0 2 1 5
13 3
1

0 6 1 4
2 3

0 6 1 3
3 3

0 4 1 6
4 3

0 2 1 5
5 3

0 4 1 5
6 3

0 1 1 5
7 3

0 6 1 3
8 3

0 5 1 3
9 3

0 5 1 3
10 3
1

0 4 1 6
2 3

0 2 1 6
3 3

0 4 1 2
4 3

0 4 1 1
5 3

0 1 1 5
6 3

0 1 1 4
7 3

0 2 1 3
8 3

0 3 1 5
9 3
1

0 1 1 3
2 3

0 7 1 4
3 3

0 3 1 1
4 3

0 2 1 5
5 3

0 3 1 7
6 3
1

0 5 1 8
2 3

0 6 1 2
3 3

0 1 1 3
4 3

0 1 1 8
5 3

0 5 1 3
6 3

0 5 1 8
7 3

0 1 1 8
8 3

0 8 1 2
9 3

0 5 1 4
10 3

0 5 1 8
11 3

0 2 1 7
12 3

0 8 1 1
13 3

0 1 1 5
14 3

0 7 1 3
15 3

0 6 1 8
16 3

0 1 1 5
17 3

0 4 1 5
18 3

0 5 1 1
19 3

0 6 1 8
20 3

0 3 1 8
21 3

0 7 1 1
22 3

0 4 1 1
23 3

0 2 1 7
24 3

0 8 1 4
25 3

0 5 1 3
26 3

0 5 1 3
27 3

0 1 1 4
28 3

0 5 1 4
29 3

0 6 1 1
30 3

0 8 1 6
31 3

0 4 1 5
32 3

0 1 1 5
33 3

0 2 1 7
34 3

0 2 1 7
35 3

0 6 1 4
36 3

0 6 1 2
37 3

0 5 1 1
38 3

0 3 1 5
39 3

0 5 1 7
40 3

0 7 1 5
41 3
0

0 2 1 8
2 3

0 2 1 3
3 3

0 7 1 5
4 3

0 8 1 5
5 3

0 5 1 8
6 3

0 7 1 1
7 3

0 1 1 8
8 3

0 6 1 7
9 3

0 7 1 4
10 3

0 5 1 2
11 3

0 1 1 7
12 3

0 3 1 8
13 3

0 6 1 7
14 3

0 7 1 2
15 3

0 6 1 2
16 3

0 1 1 5
17 3

0 6 1 8
18 3

0 5 1 2
19 3

0 5 1 1
20 3

0 7 1 5
21 3

0 1 1 3
22 3

0 3 1 8
23 3

0 3 1 8
24 3

0 1 1 6
25 3

0 3 1 2
26 3

0 6 1 3
27 3

0 4 1 2
28 3

0 5 1 8
29 3

0 6 1 1
30 3

0 3 1 6
31 3
0

0 5 1 2
2 3

0 4 1 2
3 3

0 8 1 6
4 3

0 7 1 3
5 3

0 5 1 8
6 3

0 7 1 2
7 3

0 7 1 1
8 3

0 2 1 3
9 3

0 3 1 6
10 3

0 8 1 2
11 3

0 4 1 7
12 3

0 4 1 6
13 3

0 6 1 2
14 3

0 7 1 2
15 3

0 2 1 7
16 3

0 4 1 2
17 3

0 3 1 2
18 3

0 4 1 7
19 3

0 3 1 6
20 3

0 4 1 6
21 3
1

0 7 1 4
2 3

0 4 1 2
3 3

0 7 1 6
4 3

0 8 1 2
5 3

0 6 1 7
6 3

0 5 1 3
7 3

0 5 1 3
8 3

0 6 1 3
9 3

0 1 1 4
10 3

0 4 1 8
11 3

0 2 1 5
12 3

0 4 1 5
13 3

0 1 1 5
14 3

0 2 1 7
15 3

0 1 1 4
16 3

0 1 1 3
17 3

0 1 1 6
18 3

0 3 1 1
19 3

0 2 1 8
20 3

0 1 1 7
21 3

0 4 1 7
22 3

0 2 1 5
23 3

0 4 1 1
24 3

0 2 1 5
25 3

0 4 1 6
26 3
1

0 3 1 2
2 3

0 7 1 1
3 3

0 3 1 2
4 3

0 3 1 1
5 3

0 1 1 5
6 3

0 2 1 5
7 3

0 1 1 4
8 3

0 1 1 5
9 3

0 7 1 6
10 3

0 4 1 1
11 3

0 8 1 2
12 3

0 8 1 5
13 3

0 4 1 7
14 3

0 4 1 5
15 3

0 5 1 4
16 3

0 2 1 7
17 3

0 1 1 3
18 3

0 3 1 5
19 3

0 8 1 6
20 3

0 4 1 2
21 3

0 3 1 7
22 3

0 2 1 4
23 3

0 4 1 6
24 3

0 8 1 4
25 3

0 3 1 1
26 3

0 1 1 5
27 3

0 8 1 3
28 3

0 3 1 6
29 3
0

0 6 1 4
2 3

0 6 1 2
3 3

0 3 1 2
4 3
1

0 2 1 5
2 3

0 2 1 3
3 3

0 4 1 2
4 3
1

0 3 1 2
2 2

0 4 1 1
3 2
1

0 8 1 3
2 3

0 2 1 3
3 3

0 10 1 7
4 3

0 7 1 3
5 3

0 8 1 5
6 3

0 4 1 5
7 3

0 4 1 8
8 3

0 2 1 4
9 3

0 3 1 1
10 3

0 5 1 4
11 3
1

0 1 1 8
2 3

0 10 1 2
3 3

0 3 1 9
4 3

0 9 1 4
5 3

0 7 1 2
6 3

0 7 1 3
7 3

0 1 1 7
8 3

0 10 1 7
9 3

0 2 1 7
10 3

0 1 1 9
11 3

0 10 1 7
12 3

0 6 1 2
13 3

0 9 1 4
14 3

0 7 1 2
15 3

0 3 1 6
16 3
1

0 2 1 8
2 3

0 4 1 10
3 3

0 10 1 6
4 3

0 7 1 1
5 3

0 2 1 6
6 3

0 10 1 5
7 3

0 10 1 7
8 3
1

0 4 1 7
2 3

0 3 1 9
3 3

0 2 1 5
4 3

0 9 1 3
5 3

0 8 1 2
6 3
1

0 6 1 1
2 3

0 4 1 1
3 3

0 4 1 1
4 3

0 1 1 6
5 3

0 6 1 4
6 3
1

0 9 1 8
2 3

0 5 1 3
3 3

0 6 1 11
4 3

0 1 1 6
5 3

0 8 1 1
6 3

0 1 1 8
7 3

0 7 1 9
8 3

0 8 1 12
9 3

0 8 1 6
10 3

0 8 1 12
11 3

0 1 1 4
12 3

0 9 1 1
13 3

0 8 1 11
14 3

0 6 1 7
15 3

0 10 1 11
16 3

0 6 1 12
17 3

0 11 1 9
18 3

0 5 1 9
19 3

0 1 1 12
20 3

0 5 1 11
21 3

0 12 1 3
22 3

0 11 1 9
23 3

0 4 1 11
24 3

0 7 1 4
25 3

0 5 1 4
26 3

0 12 1 8
27 3

0 5 1 12
28 3

0 4 1 9
29 3

0 11 1 10
30 3

0 1 1 7
31 3
1















1















1






















1






























1















1






























1



































1






























1













1










1








0












1









1








1





1








































0






























0




















1

























1




























0



1



1


1










1















1







1





1





1






























1
1
1
1
1
1
1
1
1
1
1
0
1
1
1
1
0
0
1
1
0
1
1
1
1
1
1
1
1
1
