0
0
1
0
0
0
0
1
0
0
1
1
0
0
1
1
0
1
0
1
0
1
0
1
1
0
0
0
1
1
0
1
0
1
0
0
0
0
0
0
0
0
0
0
0
0
0
1
0
0
1
20 19
20 19
17 16
20 19
20 19
20 19
19 18
23 22
23 22
24 23
24 23
16 15
20 19
20 19
20 19
20 19
17 16
19 18
20 19
16 15
21 20
23 22
19 18
19 18
20 19
20 19
19 18
17 16
19 18
19 18
21 17
21 17
19 12
19 18
16 15
16 15
15 14
15 14
16 15
19 18
25 24
25 24
19 18
25 24
24 23
17 12
19 18
18 17
21 17
23 22
22 21
12 11
12 11
21 17
21 17
22 21
23 22
26 25
21 20
21 20
21 20
21 20
27 26
26 16
25 24
32 31
32 31
32 31
32 31
32 31
32 31
32 31
32 31
32 31
32 31
32 31
32 31
32 31
32 31
25 24
25 24
21 20
21 20
20 19
25 24
31 30
31 30
31 30
31 30
31 30
31 30
31 30
31 30
28 27
28 27
24 23
25 24
27 16
25 16
29 28
29 28
29 28
29 28
20 19
21 20
19 18
19 18
19 18
17 16
20 19
22 21
20 19
22 21
16 15
19 18
20 19
22 21
20 19
22 21
16 15
21 20
16 15
22 21
22 21
22 21
22 21
22 21
22 21
22 21
22 21
22 21
20 19
20 19
22 21
23 11
20 19
20 19
17 16
12 11
12 11
12 11
12 11
19 18
21 20
21 20
17 16
21 20
21 20
21 20
22 21
21 20
22 21
21 20
22 21
20 19
20 19
23 22
23 22
23 22
23 22
23 22
23 22
23 22
23 22
23 22
23 22
23 22
23 22
21 20
23 22
22 21
23 22
22 21
23 22
22 21
23 22
22 21
21 20
21 20
21 20
21 20
21 20
21 20
21 20
21 20
22 21
16 15
22 21
23 22
23 22
23 22
23 22
23 22
23 22
23 22
23 22
23 22
23 22
23 22
23 22
23 22
23 22
23 22
23 22
23 22
22 21
23 22
22 21
23 22
22 21
23 22
22 21
21 20
21 20
21 20
21 20
20 19
21 20
21 20
21 20
21 20
17 16
22 21
23 22
24 23
23 11
20 19
24 23
20 19
24 23
23 22
23 22
24 11
21 20
17 16
19 12
23 22
23 11
20 19
24 23
22 21
22 21
24 23
24 23
24 23
23 22
23 22
23 22
27 26
23 11
20 19
21 20
19 18
23 11
19 18
24 11
13 10
13 10
17 13
22 21
23 22
24 23
24 23
24 23
23 22
23 22
24 23
24 23
17 16
23 11
23 22
24 23
22 21
24 23
22 21
24 23
24 23
24 23
24 23
23 22
23 22
22 21
22 21
19 12
22 21
24 23
24 23
23 22
23 22
24 23
24 23
23 11
23 22
24 23
22 21
24 23
22 21
24 23
24 23
24 23
24 23
24 23
24 23
23 22
23 22
23 22
23 22
23 22
27 26
21 20
22 21
23 22
23 22
24 23
22 21
22 21
1
18 17
19 18
18 17
17 16
18 17
19 18
17 16
21 20
21 20
21 20
22 21
17 16
16 15
16 15
16 15
16 15
17 16
16 15
14 13
13 12
14 13
14 13
14 13
14 13
20 19
17 16
20 19
20 10
14 13
19 18
19 18
14 13
14 13
15 14
14 13
14 13
14 13
14 13
17 16
20 19
20 19
18 17
18 17
18 17
20 19
21 20
21 20
19 18
19 18
20 19
18 17
18 17
19 18
18 17
17 16
17 16
17 16
17 16
16 15
17 16
14 13
14 13
14 13
14 13
14 13
21 20
21 20
18 17
18 17
17 16
22 21
25 24
27 26
28 27
28 27
25 24
22 21
17 16
17 16
16 15
16 15
17 16
23 22
25 24
25 24
22 21
22 21
23 17
25 24
18 17
23 22
19 18
21 20
20 19
19 18
22 21
22 21
23 22
23 22
24 23
19 18
23 22
24 23
20 19
20 19
23 21
14 13
14 13
20 19
22 21
22 21
23 22
24 23
24 23
23 22
24 23
22 21
25 24
24 23
22 21
19 18
21 20
19 18
22 21
21 20
22 21
24 23
22 21
19 18
25 24
19 18
18 17
19 18
19 18
16 15
19 18
14 13
15 14
14 13
14 13
14 13
22 21
1
1
1
1
1
1
1
1
1
1
1
1
1
1
1
1
1
1
1
1
1
1
1
1
1
1
1
1
1
1
1
1
1
1
1
1
1
1
1
1
1
1
1
1
1
1
1
1
1
1
1
1
1
1
1
1
1
1
1
1
1
1
1
1
1
1
1
1
1
1
1
1
1
1
1
1
1
1
1
1
1
1
1
1
1
1
1
1
1
1
1
1
1
1
1
1
1
1
1
1
1
1
1
1
1
1
1
1
1
1
1
1
1
1
1
1
1
1
1
1
1
1
1
1
1
1
1
1
1
1
1
1
1
1
1
1
1
1
1
1
1
1
1
1
1
1
1
1
1
1
1
1
1
1
1
1
1
1
1
1
1
1
1
1
1
1
1
1
1
1
1
1
1
0
0
0
0
0
0
0
0
0
1
20 19
20 19
17 16
20 19
20 19
20 19
19 18
23 22
23 22
24 23
24 23
16 15
20 19
20 19
20 19
20 19
17 16
19 18
20 19
16 15
21 20
23 22
19 18
19 18
20 19
20 19
19 18
17 16
19 18
19 18
21 17
21 17
19 12
19 18
16 15
16 15
15 14
15 14
16 15
19 18
25 24
25 24
19 18
25 24
24 23
17 12
19 18
18 17
21 17
23 22
22 21
12 11
12 11
21 17
21 17
22 21
23 22
26 25
21 20
21 20
21 20
21 20
27 26
26 16
25 24
32 31
32 31
32 31
32 31
32 31
32 31
32 31
32 31
32 31
32 31
32 31
32 31
32 31
32 31
25 24
25 24
21 20
21 20
20 19
25 24
31 30
31 30
31 30
31 30
31 30
31 30
31 30
31 30
28 27
28 27
24 23
25 24
27 16
25 16
29 28
29 28
29 28
29 28
20 19
21 20
19 18
19 18
19 18
17 16
20 19
22 21
20 19
22 21
16 15
19 18
20 19
22 21
20 19
22 21
16 15
21 20
16 15
22 21
22 21
22 21
22 21
22 21
22 21
22 21
22 21
22 21
20 19
20 19
22 21
23 11
20 19
20 19
17 16
12 11
12 11
12 11
12 11
19 18
21 20
21 20
17 16
21 20
21 20
21 20
22 21
21 20
22 21
21 20
22 21
20 19
20 19
23 22
23 22
23 22
23 22
23 22
23 22
23 22
23 22
23 22
23 22
23 22
23 22
21 20
23 22
22 21
23 22
22 21
23 22
22 21
23 22
22 21
21 20
21 20
21 20
21 20
21 20
21 20
21 20
21 20
22 21
16 15
22 21
23 22
23 22
23 22
23 22
23 22
23 22
23 22
23 22
23 22
23 22
23 22
23 22
23 22
23 22
23 22
23 22
23 22
22 21
23 22
22 21
23 22
22 21
23 22
22 21
21 20
21 20
21 20
21 20
20 19
21 20
21 20
21 20
21 20
17 16
22 21
23 22
24 23
23 11
20 19
24 23
20 19
24 23
23 22
23 22
24 11
21 20
17 16
19 12
23 22
23 11
20 19
24 23
22 21
22 21
24 23
24 23
24 23
23 22
23 22
23 22
27 26
23 11
20 19
21 20
19 18
23 11
19 18
24 11
13 10
13 10
17 13
22 21
23 22
24 23
24 23
24 23
23 22
23 22
24 23
24 23
17 16
23 11
23 22
24 23
22 21
24 23
22 21
24 23
24 23
24 23
24 23
23 22
23 22
22 21
22 21
19 12
22 21
24 23
24 23
23 22
23 22
24 23
24 23
23 11
23 22
24 23
22 21
24 23
22 21
24 23
24 23
24 23
24 23
24 23
24 23
23 22
23 22
23 22
23 22
23 22
27 26
21 20
22 21
23 22
23 22
24 23
22 21
22 21
1
18 17
19 18
18 17
17 16
18 17
19 18
17 16
21 20
21 20
21 20
22 21
17 16
16 15
16 15
16 15
16 15
17 16
16 15
14 13
13 12
14 13
14 13
14 13
14 13
20 19
17 16
20 19
20 10
14 13
19 18
19 18
14 13
14 13
15 14
14 13
14 13
14 13
14 13
17 16
20 19
20 19
18 17
18 17
18 17
20 19
21 20
21 20
19 18
19 18
20 19
18 17
18 17
19 18
18 17
17 16
17 16
17 16
17 16
16 15
17 16
14 13
14 13
14 13
14 13
14 13
21 20
21 20
18 17
18 17
17 16
22 21
25 24
27 26
28 27
28 27
25 24
22 21
17 16
17 16
16 15
16 15
17 16
23 22
25 24
25 24
22 21
22 21
23 17
25 24
18 17
23 22
19 18
21 20
20 19
19 18
22 21
22 21
23 22
23 22
24 23
19 18
23 22
24 23
20 19
20 19
23 21
14 13
14 13
20 19
22 21
22 21
23 22
24 23
24 23
23 22
24 23
22 21
25 24
24 23
22 21
19 18
21 20
19 18
22 21
21 20
22 21
24 23
22 21
19 18
25 24
19 18
18 17
19 18
19 18
16 15
19 18
14 13
15 14
14 13
14 13
14 13
22 21
1
20 19
16 15
13 12
13 12
13 12
21 20
16 15
13 12
13 12
13 12
13 12
13 12
13 12
13 12
13 12
14 13
22 21
21 20
20 19
23 22
22 21
19 18
21 20
22 21
16 15
20 19
21 20
22 21
18 17
18 17
16 15
1
15 12
19 18
20 19
19 18
20 19
16 15
17 16
17 16
15 14
18 17
1
15 14
21 20
15 14
1
18 17
14 13
15 14
1
12 11
17 16
11 10
12 11
17 16
14 13
12 11
17 16
17 16
13 12
13 12
10 9
18 17
15 14
1
21 20
21 20
24 23
21 20
20 19
25 24
16 13
17 16
17 16
24 23
16 13
23 22
23 22
23 22
19 18
25 24
19 18
23 22
19 18
19 18
18 17
16 15
20 19
24 23
16 13
20 19
20 19
17 16
17 16
20 19
17 16
16 15
25 10
25 24
18 17
19 18
18 17
17 16
23 22
23 22
18 17
25 24
25 24
16 13
21 20
21 20
23 22
23 22
18 17
16 13
18 17
18 17
19 18
21 20
24 11
20 19
19 18
22 21
22 21
20 19
17 16
23 22
16 13
20 19
17 15
20 19
18 17
17 16
19 18
17 16
17 16
15 14
15 14
19 18
17 16
17 16
17 16
17 16
15 14
17 16
17 16
16 13
17 16
21 20
20 19
19 18
21 20
19 18
19 18
18 17
17 16
15 14
17 16
19 18
18 17
18 17
18 17
17 16
19 18
17 16
17 16
17 16
17 16
16 15
17 16
15 14
16 13
21 20
21 20
21 20
25 24
25 24
25 24
25 24
25 24
25 24
25 24
25 24
24 23
21 20
22 21
22 21
22 21
21 20
22 21
19 18
17 16
23 22
24 23
22 21
22 21
22 21
21 20
25 24
23 22
19 18
20 19
19 18
20 19
23 22
23 22
22 21
18 17
24 23
21 20
21 20
24 23
24 23
21 20
19 18
20 19
21 20
22 21
25 24
25 24
24 23
25 24
23 22
23 22
25 24
25 24
25 24
21 20
21 20
20 19
20 19
22 21
22 21
22 21
21 20
20 19
20 19
25 24
25 24
19 18
23 22
16 15
22 21
19 18
20 19
21 10
20 19
17 16
18 17
19 18
21 20
21 20
18 17
17 16
24 23
23 22
23 22
24 23
17 16
22 21
22 21
22 21
21 20
25 24
23 22
16 15
22 21
19 18
19 18
23 22
17 16
20 19
25 10
20 19
22 21
25 24
25 24
25 24
25 24
25 24
25 24
25 24
21 20
21 20
21 20
20 19
22 21
22 21
22 21
21 20
19 18
18 17
25 24
22 21
17 16
24 23
22 21
22 21
21 20
25 24
22 21
19 18
22 21
21 20
25 24
25 24
24 23
25 24
25 24
25 24
25 24
25 24
24 23
21 20
21 20
21 20
21 20
21 20
20 19
19 18
22 21
22 21
22 21
22 21
21 20
17 16
24 23
25 24
19 18
23 22
18 17
16 15
22 21
17 16
20 19
21 10
22 21
21 20
22 21
21 20
21 20
21 20
16 15
17 16
21 20
24 23
22 21
22 21
21 20
25 24
23 22
16 15
22 21
17 15
16 15
18 17
16 15
16 15
16 15
17 16
18 17
15 14
16 15
16 15
16 15
16 15
16 15
17 16
18 17
18 17
17 16
17 16
17 16
17 16
16 15
19 18
16 15
17 16
19 18
18 17
15 14
18 17
19 18
18 17
19 18
18 17
23 22
26 25
17 16
18 17
25 24
25 24
18 17
16 15
18 17
18 17
18 17
16 15
19 18
26 25
15 14
20 19
20 19
20 19
18 17
19 18
18 17
18 17
19 18
18 17
18 17
18 17
18 17
17 16
25 24
25 24
25 24
25 24
18 17
18 17
24 23
18 17
19 18
18 17
18 17
17 16
16 15
15 14
14 13
20 19
17 15
20 19
16 15
14 13
16 15
15 14
16 15
17 16
16 15
17 16
16 15
18 17
16 15
17 16
17 16
14 13
18 17
25 24
25 24
25 24
25 24
25 24
25 24
25 24
19 18
25 24
25 24
22 21
23 22
23 22
23 22
19 18
19 18
23 22
15 14
25 24
23 22
17 16
25 24
23 22
23 22
23 22
23 22
23 22
23 22
23 22
15 14
23 22
16 12
17 16
17 16
21 20
22 21
25 24
25 24
25 24
25 24
25 24
19 18
23 22
22 21
22 21
23 22
23 22
23 22
23 22
19 18
25 24
19 18
23 22
18 17
23 22
19 18
19 18
19 18
19 18
19 18
19 18
18 17
16 15
23 22
23 22
21 18
23 22
23 22
23 22
22 21
23 22
18 17
23 22
19 18
20 19
20 19
18 17
18 17
25 24
25 24
25 24
25 24
25 24
25 24
25 24
18 17
21 20
22 21
22 21
22 21
19 18
23 22
23 22
23 22
23 22
18 17
25 24
25 24
20 19
23 22
23 22
20 19
20 19
17 16
15 14
23 22
23 22
20 19
15 14
23 22
23 22
23 22
23 22
15 14
25 24
25 24
25 24
25 24
23 22
23 22
25 24
25 24
25 24
17 16
23 22
14 13
22 21
21 20
25 24
25 24
24 23
24 23
24 23
25 24
25 24
25 24
18 17
22 21
22 21
22 21
22 21
23 22
23 22
23 22
23 22
25 24
25 24
24 23
18 17
23 22
18 17
18 17
19 18
19 18
18 17
17 16
16 15
16 15
22 21
21 20
23 22
20 19
23 22
23 22
23 22
25 24
23 22
18 17
23 22
20 19
19 18
17 15
19 18
15 14
16 15
17 16
17 16
17 16
15 13
16 15
18 17
17 16
15 14
16 15
17 16
17 16
24 23
22 21
24 23
21 20
21 20
21 20
23 22
23 22
22 21
22 21
22 21
23 22
21 20
23 22
23 22
19 18
23 22
20 19
23 22
24 23
25 24
25 24
23 22
20 19
22 21
25 24
22 21
15 14
21 20
22 21
21 20
21 20
19 18
23 22
16 15
23 22
23 22
23 22
23 22
21 20
21 20
19 18
23 22
23 22
24 10
23 22
23 22
23 22
23 22
24 23
25 24
25 24
24 23
25 24
19 18
22 12
25 24
20 19
20 19
25 24
27 26
27 26
27 26
19 18
24 10
23 22
22 21
24 22
21 20
22 21
21 20
22 21
22 21
20 19
22 21
22 21
22 21
22 21
19 18
18 17
18 17
20 19
17 16
27 26
21 20
21 20
25 24
26 25
27 26
25 24
26 25
22 21
24 23
26 25
23 22
23 22
18 17
18 17
27 26
23 22
24 23
22 21
1
13 12
16 15
16 15
17 15
17 15
13 12
16 15
16 15
16 15
16 15
16 15
16 15
15 12
12 11
16 14
16 14
16 15
15 14
20 19
20 19
15 14
14 13
18 17
20 19
20 19
15 14
15 14
14 13
17 16
15 14
16 15
19 18
17 16
15 14
17 16
16 15
16 15
17 16
19 17
17 16
17 16
19 18
19 18
19 18
19 18
18 17
22 21
21 20
17 16
21 20
19 18
19 17
17 16
19 17
17 16
20 19
19 18
21 20
19 18
22 21
19 18
18 17
22 21
21 20
20 19
16 15
16 15
19 17
16 12
19 18
19 18
18 17
19 18
21 20
21 20
20 19
19 18
15 14
16 15
17 16
21 20
19 18
19 18
19 18
18 17
20 19
19 18
19 18
21 20
21 20
21 20
18 17
19 18
17 16
17 16
22 21
22 21
17 16
19 18
21 20
20 19
21 20
19 18
15 14
16 15
16 15
17 16
19 18
21 20
15 14
19 17
22 21
22 21
20 19
20 19
19 18
21 20
22 21
16 15
20 19
20 19
19 17
22 21
22 21
20 19
19 18
19 18
19 12
19 18
16 15
19 18
19 18
19 18
19 18
15 14
16 15
16 15
18 17
19 18
18 17
19 18
21 20
19 18
22 21
22 21
19 18
22 21
19 18
22 21
18 17
22 21
19 18
17 16
21 20
18 17
18 17
19 18
20 19
22 21
19 18
19 17
19 18
21 20
21 20
21 20
22 21
15 14
19 18
19 17
16 15
17 16
14 13
18 17
16 15
19 18
20 19
19 9
13 12
16 15
14 13
18 17
21 20
19 18
18 15
15 14
16 15
16 15
22 21
20 19
16 15
20 19
20 19
19 17
16 15
16 15
16 15
20 19
15 14
15 14
16 15
19 17
14 13
20 19
21 20
19 9
13 12
21 20
20 19
14 13
21 20
18 17
20 19
21 20
18 17
21 20
20 19
21 20
15 14
15 14
13 12
15 14
14 13
14 13
14 13
14 13
19 18
14 13
14 13
16 15
16 15
19 18
16 15
16 15
20 19
17 16
15 14
21 20
16 15
18 16
16 15
19 18
19 18
18 17
20 19
21 20
18 17
15 14
20 19
16 15
20 19
17 16
20 19
21 20
12 11
19 18
17 16
18 17
18 17
18 17
12 11
16 15
19 18
19 18
17 16
18 17
1
28 21
32 31
25 24
25 24
32 31
28 27
25 24
28 21
28 27
25 24
25 24
25 24
25 24
29 28
29 28
19 18
24 23
28 21
28 21
25 24
32 31
32 31
28 21
25 24
30 29
25 24
29 28
30 29
29 28
19 18
28 27
25 24
25 24
20 19
25 24
25 24
23 22
25 24
25 24
25 24
25 24
25 24
25 24
25 24
25 24
20 19
25 24
25 24
25 24
25 24
25 24
25 24
25 24
24 23
24 23
24 23
25 24
25 24
25 24
24 23
23 22
24 23
24 23
24 23
20 19
20 19
20 19
20 19
19 14
20 19
20 19
19 14
20 19
12 11
12 11
12 11
12 11
23 22
24 23
28 21
27 26
27 21
24 23
28 21
24 23
28 21
28 27
31 30
28 27
28 27
31 30
28 27
26 21
26 25
26 25
27 26
26 25
27 26
25 14
28 21
25 24
27 21
28 21
28 21
25 24
28 27
25 24
29 21
31 30
29 21
1
1
1
1
1
1
1
1
1
1
1
1
1
1
1
1
1
1
1
1
1
1
1
1
1
1
1
1
1
1
1
1
1
1
1
1
1
1
1
1
1
1
1
1
1
1
1
1
1
1
1
1
1
1
1
1
1
1
1
1
1
1
1
1
1
1
1
1
1
1
1
1
1
1
1
1
1
1
1
1
1
1
1
1
1
1
1
1
1
1
1
1
1
1
1
1
1
1
1
1
1
1
1
1
1
1
1
1
1
1
1
1
1
1
1
1
1
1
1
1
1
1
1
1
1
1
1
1
1
1
1
1
1
1
1
1
1
1
1
1
1
1
1
1
1
1
1
1
1
1
1
1
1
1
1
1
1
1
1
1
1
1
1
1
1
1
1
1
1
1
1
1
1
1
1
1
1
1
1
1
1
1
1
1
1
1
1
1
1
1
1
1
1
1
1
1
1
1
1
1
1
1
1
1
1
1
1
1
1
1
1
1
1
1
1
1
1
1
1
1
1
1
1
1
1
1
1
1
1
1
1
1
1
1
1
1
1
1
1
1
1
1
1
1
1
1
1
1
1
1
1
1
1
1
1
1
1
1
1
1
1
1
1
1
1
1
1
1
1
1
1
1
1
1
1
1
1
1
1
1
1
1
1
1
1
1
1
1
1
1
1
1
1
1
1
1
1
1
1
1
1
1
1
1
1
1
1
1
1
1
1
1
1
1
1
1
1
1
1
1
1
1
1
1
1
1
1
1
1
1
1
1
1
1
1
1
1
1
1
1
1
1
1
1
1
1
1
1
1
1
0
0
1
0
0
0
0
1
1
1
1
0
1
1
1
1
1
1
1
1
1
1
1
0
1
1
1
1
0
0
1
1
0
1
1
1
1
1
1
1
1
1
1
1
1
1
1
1
1
1
1
1
0
1
1
1
1
0
0
1
1
0
1
1
1
1
1
1
1
1
1
